,Service,Type,Rating,Hires,Price,Zip Code
0,TCB Masonry,105,5,14,,02201
1,Burns Masonry,105,4.5,17,,02201
2,Erickson Foundations,105,5,,,02201
