,Service,Type,Rating,Hires,Price,Zip Code
0,G-Powerpro,125,5,100,,21202
1,Damion's House,125,5,,89/consult,21202
