,Service,Type,Rating,Hires,Price,Zip Code
0,Global Construction Team LLC,206,5,,,32202
1,Paradise Contractors LLc,206,5,,,32202
2,No Limit Contracting,206,5,,,32202
3,Alpha & Omega builder and Roofer of Jackosnville,206,5,,,32202
4,WKR General Services,206,,,,32202
