,Service,Type,Rating,Hires,Price,Zip Code
0,Captain Red Entertainment,382,5,175,150/hour,32202
1,Face Paint Parties!,382,5,15,125/hour,32202
