,Service,Type,Rating,Hires,Price,Zip Code
0,iSky Productions - Photography & Drone Services,384,5,245,149,78207
1,Steve Byrd Studio,384,5,93,150,78207
2,Nitro Media Group,384,5,83,200,78207
3,Republic of Texas Photography,384,5,,110,78207
4,Michael Giordano,384,5,43,200,78207
5,Special Point of View LLC,384,5,32,100,78207
6,Vertex Media Solutions LLC,384,5,25,130,78207
7,JD Swiger,384,5,,,78207
8,Koasis Media,384,5,,,78207
9,Seize the Moment - Photography & Media,384,5,41,,78207
10,Steve Shoots Photo,384,4.5,4,,78207
11,Landers Photography,384,5,39,150,78207
12,Eliza Marie Photography,384,5,33,200,78207
13,okushi.photography,384,5,,,78207
14,"Patrick Ray Dunn Photography in Helotes, TX",384,5,4,250,78207
15,Austin Photographer,384,,,175,78207
16,Cory Morton,384,5,4,250,78207
17,Kris.hasacamera,384,5,,75,78207
18,FreeLance PhotoDroner LLC,384,,,150,78207
19,Ronin Media,384,5,,150,78207
