,Service,Type,Rating,Hires,Price,Zip Code
0,Alan Lamon -Moonlight Merchandise,389,5,104,11,43215
1,dba Julie Hansberry,389,4.5,25,,43215
2,D4D Creative-OREGON,389,5,57,,43215
3,Custom Print Warehouse,389,5,4,15,43215
4,Thread Your Logo,389,4.5,130,6,43215
5,Design Group,389,5,2,15,43215
6,Rojeh's Quilting Studio,389,5,13,,43215
7,Embroidery by Mac,389,5,35,,43215
8,RF Printing,389,4.5,47,7,43215
9,Miami Uniforms & More- Logos-Embroidery-Printing,389,5,,,43215
10,4G Enterprises,389,5,,100,43215
11,Punch Promotional Products,389,5,9,,43215
12,1 Touch Printing LLC,389,5,,,43215
13,Too Focused Visions,389,,,,43215
14,7tone,389,5,,,43215
15,Down To Earth Enterprises,389,4.5,6,,43215
16,Bill Roberts,389,5,3,6,43215
17,"Corpus Callosum: Video, Photography & Design",389,,,250,43215
18,iCustomCaps.com,389,,,,43215
19,T Shirts in 24,389,5,,,43215
20,Self Made Culture Inc.,389,5,,9,43215
