,Service,Type,Rating,Hires,Price,Zip Code
0,Kelvin Watkins Photography LLC,421,5,87,,97301
1,Haley Maria Smith Photography,421,5,15,125,97301
2,Larry Peeler Photography,421,5,,,97301
3,Solid captures,421,5,16,141,97301
4,Wanderlust Photos,421,5,,,97301
5,Hrach Hovhannisyan Photography,421,5,8,,97301
6,Sarah LaFond Photography,421,4.5,22,,97301
7,Backlight Marketing Co,421,5,33,125,97301
8,Kenneth Benjamin Reed,421,5,6,200,97301
9,KWP Studio,421,5,5,225,97301
10,McCaw Photography,421,5,,75,97301
11,Abts Imagery,421,5,,,97301
12,Sky Eye Imaging Ltd,421,,,129,97301
13,Stive Stanley,421,5,,,97301
14,Fuzzy Riot Videography and Editing,421,5,2,,97301
15,"Gregory Dean Photography, LLC",421,5,3,,97301
16,Javier David Photography,421,5,,200,97301
17,George Howard Photography,421,5,6,130,97301
18,Hearts Intertwined Productions,421,5,,200,97301
19,J.Allen360 Photography,421,,,135,97301
20,Kyle Pope Photography,421,5,,150,97301
21,Blue Hour Photography,421,5,,125,97301
22,Cascadia Sky Shots,421,5,,140,97301
23,Carla Juliett Photography,421,5,,150,97301
