,Service,Type,Rating,Hires,Price,Zip Code
0,Windsor Pro Services,52,5,87,55,66603
